160 #SUP: 489760
24 160 #SUP: 489760
135 160 #SUP: 489760
24 135 160 #SUP: 489760
166 #SUP: 506264
24 166 #SUP: 506264
226 #SUP: 540606
24 226 #SUP: 540606
227 #SUP: 668987
43 227 #SUP: 521510
24 43 227 #SUP: 521510
47 227 #SUP: 562957
47 63 227 #SUP: 500663
24 47 63 227 #SUP: 500663
47 188 227 #SUP: 519349
24 47 188 227 #SUP: 519349
47 56 188 227 #SUP: 519349
24 47 56 188 227 #SUP: 519349
13 47 188 227 #SUP: 519349
13 24 47 188 227 #SUP: 519349
13 47 56 188 227 #SUP: 519349
13 24 47 56 188 227 #SUP: 519349
13 47 227 #SUP: 519349
13 24 47 227 #SUP: 519349
13 47 56 227 #SUP: 519349
13 24 47 56 227 #SUP: 519349
47 97 227 #SUP: 521396
47 97 188 227 #SUP: 512161
24 47 97 188 227 #SUP: 512161
47 56 97 188 227 #SUP: 512161
24 47 56 97 188 227 #SUP: 512161
13 47 97 188 227 #SUP: 512161
13 24 47 97 188 227 #SUP: 512161
13 47 56 97 188 227 #SUP: 512161
13 24 47 56 97 188 227 #SUP: 512161
13 47 97 227 #SUP: 512161
13 24 47 97 227 #SUP: 512161
13 47 56 97 227 #SUP: 512161
13 24 47 56 97 227 #SUP: 512161
47 59 97 227 #SUP: 521396
24 47 59 97 227 #SUP: 521396
47 56 59 97 227 #SUP: 521396
24 47 56 59 97 227 #SUP: 521396
13 47 59 97 227 #SUP: 512161
13 24 47 59 97 227 #SUP: 512161
13 47 56 59 97 227 #SUP: 512161
13 24 47 56 59 97 227 #SUP: 512161
47 59 97 188 227 #SUP: 512161
24 47 59 97 188 227 #SUP: 512161
47 56 59 97 188 227 #SUP: 512161
24 47 56 59 97 188 227 #SUP: 512161
13 47 59 97 188 227 #SUP: 512161
13 24 47 59 97 188 227 #SUP: 512161
13 47 56 59 97 188 227 #SUP: 512161
13 24 47 56 59 97 188 227 #SUP: 512161
47 56 97 227 #SUP: 521396
24 47 56 97 227 #SUP: 521396
24 47 97 227 #SUP: 521396
47 59 227 #SUP: 521396
24 47 59 227 #SUP: 521396
47 56 59 227 #SUP: 521396
24 47 56 59 227 #SUP: 521396
13 47 59 227 #SUP: 512161
13 24 47 59 227 #SUP: 512161
13 47 56 59 227 #SUP: 512161
13 24 47 56 59 227 #SUP: 512161
47 59 188 227 #SUP: 512161
24 47 59 188 227 #SUP: 512161
47 56 59 188 227 #SUP: 512161
24 47 56 59 188 227 #SUP: 512161
13 47 59 188 227 #SUP: 512161
13 24 47 59 188 227 #SUP: 512161
13 47 56 59 188 227 #SUP: 512161
13 24 47 56 59 188 227 #SUP: 512161
47 56 227 #SUP: 528584
24 47 56 227 #SUP: 528584
24 47 227 #SUP: 562957
63 227 #SUP: 588379
63 188 227 #SUP: 542928
24 63 188 227 #SUP: 542928
56 63 188 227 #SUP: 542928
24 56 63 188 227 #SUP: 542928
13 63 188 227 #SUP: 542928
13 24 63 188 227 #SUP: 542928
13 56 63 188 227 #SUP: 542928
13 24 56 63 188 227 #SUP: 542928
13 63 227 #SUP: 542928
13 24 63 227 #SUP: 542928
13 56 63 227 #SUP: 542928
13 24 56 63 227 #SUP: 542928
63 97 227 #SUP: 544489
63 97 188 227 #SUP: 535212
24 63 97 188 227 #SUP: 535212
56 63 97 188 227 #SUP: 535212
24 56 63 97 188 227 #SUP: 535212
13 63 97 188 227 #SUP: 535212
13 24 63 97 188 227 #SUP: 535212
13 56 63 97 188 227 #SUP: 535212
13 24 56 63 97 188 227 #SUP: 535212
13 63 97 227 #SUP: 535212
13 24 63 97 227 #SUP: 535212
13 56 63 97 227 #SUP: 535212
13 24 56 63 97 227 #SUP: 535212
59 63 97 227 #SUP: 544489
24 59 63 97 227 #SUP: 544489
56 59 63 97 227 #SUP: 544489
24 56 59 63 97 227 #SUP: 544489
13 59 63 97 227 #SUP: 535212
13 24 59 63 97 227 #SUP: 535212
13 56 59 63 97 227 #SUP: 535212
13 24 56 59 63 97 227 #SUP: 535212
59 63 97 188 227 #SUP: 535212
24 59 63 97 188 227 #SUP: 535212
56 59 63 97 188 227 #SUP: 535212
24 56 59 63 97 188 227 #SUP: 535212
13 59 63 97 188 227 #SUP: 535212
13 24 59 63 97 188 227 #SUP: 535212
13 56 59 63 97 188 227 #SUP: 535212
13 24 56 59 63 97 188 227 #SUP: 535212
56 63 97 227 #SUP: 544489
24 56 63 97 227 #SUP: 544489
24 63 97 227 #SUP: 544489
59 63 227 #SUP: 544489
24 59 63 227 #SUP: 544489
56 59 63 227 #SUP: 544489
24 56 59 63 227 #SUP: 544489
13 59 63 227 #SUP: 535212
13 24 59 63 227 #SUP: 535212
13 56 59 63 227 #SUP: 535212
13 24 56 59 63 227 #SUP: 535212
59 63 188 227 #SUP: 535212
24 59 63 188 227 #SUP: 535212
56 59 63 188 227 #SUP: 535212
24 56 59 63 188 227 #SUP: 535212
13 59 63 188 227 #SUP: 535212
13 24 59 63 188 227 #SUP: 535212
13 56 59 63 188 227 #SUP: 535212
13 24 56 59 63 188 227 #SUP: 535212
56 63 227 #SUP: 552205
24 56 63 227 #SUP: 552205
24 63 227 #SUP: 588379
188 227 #SUP: 616434
24 188 227 #SUP: 616434
56 188 227 #SUP: 616434
24 56 188 227 #SUP: 616434
13 188 227 #SUP: 616434
13 24 188 227 #SUP: 616434
13 56 188 227 #SUP: 616434
13 24 56 188 227 #SUP: 616434
13 227 #SUP: 616434
13 24 227 #SUP: 616434
13 56 227 #SUP: 616434
13 24 56 227 #SUP: 616434
97 227 #SUP: 618595
97 188 227 #SUP: 607803
24 97 188 227 #SUP: 607803
56 97 188 227 #SUP: 607803
24 56 97 188 227 #SUP: 607803
13 97 188 227 #SUP: 607803
13 24 97 188 227 #SUP: 607803
13 56 97 188 227 #SUP: 607803
13 24 56 97 188 227 #SUP: 607803
13 97 227 #SUP: 607803
13 24 97 227 #SUP: 607803
13 56 97 227 #SUP: 607803
13 24 56 97 227 #SUP: 607803
59 97 227 #SUP: 618595
24 59 97 227 #SUP: 618595
56 59 97 227 #SUP: 618595
24 56 59 97 227 #SUP: 618595
13 59 97 227 #SUP: 607803
13 24 59 97 227 #SUP: 607803
13 56 59 97 227 #SUP: 607803
13 24 56 59 97 227 #SUP: 607803
59 97 188 227 #SUP: 607803
24 59 97 188 227 #SUP: 607803
56 59 97 188 227 #SUP: 607803
24 56 59 97 188 227 #SUP: 607803
13 59 97 188 227 #SUP: 607803
13 24 59 97 188 227 #SUP: 607803
13 56 59 97 188 227 #SUP: 607803
13 24 56 59 97 188 227 #SUP: 607803
56 97 227 #SUP: 618595
24 56 97 227 #SUP: 618595
24 97 227 #SUP: 618595
59 227 #SUP: 618595
24 59 227 #SUP: 618595
56 59 227 #SUP: 618595
24 56 59 227 #SUP: 618595
13 59 227 #SUP: 607803
13 24 59 227 #SUP: 607803
13 56 59 227 #SUP: 607803
13 24 56 59 227 #SUP: 607803
59 188 227 #SUP: 607803
24 59 188 227 #SUP: 607803
56 59 188 227 #SUP: 607803
24 56 59 188 227 #SUP: 607803
13 59 188 227 #SUP: 607803
13 24 59 188 227 #SUP: 607803
13 56 59 188 227 #SUP: 607803
13 24 56 59 188 227 #SUP: 607803
56 227 #SUP: 627226
24 56 227 #SUP: 627226
24 227 #SUP: 668987
135 #SUP: 692158
47 135 #SUP: 491043
24 47 135 #SUP: 491043
43 135 #SUP: 513879
24 43 135 #SUP: 513879
63 135 #SUP: 586739
63 97 135 #SUP: 526819
63 97 135 188 #SUP: 517746
24 63 97 135 188 #SUP: 517746
56 63 97 135 188 #SUP: 517746
24 56 63 97 135 188 #SUP: 517746
13 63 97 135 188 #SUP: 517746
13 24 63 97 135 188 #SUP: 517746
13 56 63 97 135 188 #SUP: 517746
13 24 56 63 97 135 188 #SUP: 517746
13 63 97 135 #SUP: 517746
13 24 63 97 135 #SUP: 517746
13 56 63 97 135 #SUP: 517746
13 24 56 63 97 135 #SUP: 517746
59 63 97 135 #SUP: 526819
24 59 63 97 135 #SUP: 526819
56 59 63 97 135 #SUP: 526819
24 56 59 63 97 135 #SUP: 526819
13 59 63 97 135 #SUP: 517746
13 24 59 63 97 135 #SUP: 517746
13 56 59 63 97 135 #SUP: 517746
13 24 56 59 63 97 135 #SUP: 517746
59 63 97 135 188 #SUP: 517746
24 59 63 97 135 188 #SUP: 517746
56 59 63 97 135 188 #SUP: 517746
24 56 59 63 97 135 188 #SUP: 517746
13 59 63 97 135 188 #SUP: 517746
13 24 59 63 97 135 188 #SUP: 517746
13 56 59 63 97 135 188 #SUP: 517746
13 24 56 59 63 97 135 188 #SUP: 517746
56 63 97 135 #SUP: 526819
24 56 63 97 135 #SUP: 526819
24 63 97 135 #SUP: 526819
59 63 135 #SUP: 526819
24 59 63 135 #SUP: 526819
56 59 63 135 #SUP: 526819
24 56 59 63 135 #SUP: 526819
13 59 63 135 #SUP: 517746
13 24 59 63 135 #SUP: 517746
13 56 59 63 135 #SUP: 517746
13 24 56 59 63 135 #SUP: 517746
59 63 135 188 #SUP: 517746
24 59 63 135 188 #SUP: 517746
56 59 63 135 188 #SUP: 517746
24 56 59 63 135 188 #SUP: 517746
13 59 63 135 188 #SUP: 517746
13 24 59 63 135 188 #SUP: 517746
13 56 59 63 135 188 #SUP: 517746
13 24 56 59 63 135 188 #SUP: 517746
63 135 188 #SUP: 532555
24 63 135 188 #SUP: 532555
56 63 135 188 #SUP: 532555
24 56 63 135 188 #SUP: 532555
13 63 135 188 #SUP: 532555
13 24 63 135 188 #SUP: 532555
13 56 63 135 188 #SUP: 532555
13 24 56 63 135 188 #SUP: 532555
13 63 135 #SUP: 532555
13 24 63 135 #SUP: 532555
13 56 63 135 #SUP: 532555
13 24 56 63 135 #SUP: 532555
56 63 135 #SUP: 541628
24 56 63 135 #SUP: 541628
24 63 135 #SUP: 586739
97 135 #SUP: 621360
97 135 188 #SUP: 610340
24 97 135 188 #SUP: 610340
56 97 135 188 #SUP: 610340
24 56 97 135 188 #SUP: 610340
13 97 135 188 #SUP: 610340
13 24 97 135 188 #SUP: 610340
13 56 97 135 188 #SUP: 610340
13 24 56 97 135 188 #SUP: 610340
13 97 135 #SUP: 610340
13 24 97 135 #SUP: 610340
13 56 97 135 #SUP: 610340
13 24 56 97 135 #SUP: 610340
59 97 135 #SUP: 621360
24 59 97 135 #SUP: 621360
56 59 97 135 #SUP: 621360
24 56 59 97 135 #SUP: 621360
13 59 97 135 #SUP: 610340
13 24 59 97 135 #SUP: 610340
13 56 59 97 135 #SUP: 610340
13 24 56 59 97 135 #SUP: 610340
59 97 135 188 #SUP: 610340
24 59 97 135 188 #SUP: 610340
56 59 97 135 188 #SUP: 610340
24 56 59 97 135 188 #SUP: 610340
13 59 97 135 188 #SUP: 610340
13 24 59 97 135 188 #SUP: 610340
13 56 59 97 135 188 #SUP: 610340
13 24 56 59 97 135 188 #SUP: 610340
56 97 135 #SUP: 621360
24 56 97 135 #SUP: 621360
24 97 135 #SUP: 621360
59 135 #SUP: 621360
24 59 135 #SUP: 621360
56 59 135 #SUP: 621360
24 56 59 135 #SUP: 621360
13 59 135 #SUP: 610340
13 24 59 135 #SUP: 610340
13 56 59 135 #SUP: 610340
13 24 56 59 135 #SUP: 610340
59 135 188 #SUP: 610340
24 59 135 188 #SUP: 610340
56 59 135 188 #SUP: 610340
24 56 59 135 188 #SUP: 610340
13 59 135 188 #SUP: 610340
13 24 59 135 188 #SUP: 610340
13 56 59 135 188 #SUP: 610340
13 24 56 59 135 188 #SUP: 610340
135 188 #SUP: 626738
24 135 188 #SUP: 626738
56 135 188 #SUP: 626738
24 56 135 188 #SUP: 626738
13 135 188 #SUP: 626738
13 24 135 188 #SUP: 626738
13 56 135 188 #SUP: 626738
13 24 56 135 188 #SUP: 626738
13 135 #SUP: 626738
13 24 135 #SUP: 626738
13 56 135 #SUP: 626738
13 24 56 135 #SUP: 626738
56 135 #SUP: 637758
24 56 135 #SUP: 637758
24 135 #SUP: 692158
181 #SUP: 728680
63 181 #SUP: 569977
63 97 181 #SUP: 495401
24 63 97 181 #SUP: 495401
56 63 97 181 #SUP: 495401
24 56 63 97 181 #SUP: 495401
59 63 97 181 #SUP: 495401
24 59 63 97 181 #SUP: 495401
56 59 63 97 181 #SUP: 495401
24 56 59 63 97 181 #SUP: 495401
59 63 181 #SUP: 495401
24 59 63 181 #SUP: 495401
56 59 63 181 #SUP: 495401
24 56 59 63 181 #SUP: 495401
63 181 188 #SUP: 499790
24 63 181 188 #SUP: 499790
56 63 181 188 #SUP: 499790
24 56 63 181 188 #SUP: 499790
13 63 181 188 #SUP: 499790
13 24 63 181 188 #SUP: 499790
13 56 63 181 188 #SUP: 499790
13 24 56 63 181 188 #SUP: 499790
13 63 181 #SUP: 499790
13 24 63 181 #SUP: 499790
13 56 63 181 #SUP: 499790
13 24 56 63 181 #SUP: 499790
56 63 181 #SUP: 510801
24 56 63 181 #SUP: 510801
24 63 181 #SUP: 569977
97 181 #SUP: 634089
97 181 188 #SUP: 618948
24 97 181 188 #SUP: 618948
56 97 181 188 #SUP: 618948
24 56 97 181 188 #SUP: 618948
13 97 181 188 #SUP: 618948
13 24 97 181 188 #SUP: 618948
13 56 97 181 188 #SUP: 618948
13 24 56 97 181 188 #SUP: 618948
13 97 181 #SUP: 618948
13 24 97 181 #SUP: 618948
13 56 97 181 #SUP: 618948
13 24 56 97 181 #SUP: 618948
59 97 181 #SUP: 634089
24 59 97 181 #SUP: 634089
56 59 97 181 #SUP: 634089
24 56 59 97 181 #SUP: 634089
13 59 97 181 #SUP: 618948
13 24 59 97 181 #SUP: 618948
13 56 59 97 181 #SUP: 618948
13 24 56 59 97 181 #SUP: 618948
59 97 181 188 #SUP: 618948
24 59 97 181 188 #SUP: 618948
56 59 97 181 188 #SUP: 618948
24 56 59 97 181 188 #SUP: 618948
13 59 97 181 188 #SUP: 618948
13 24 59 97 181 188 #SUP: 618948
13 56 59 97 181 188 #SUP: 618948
13 24 56 59 97 181 188 #SUP: 618948
56 97 181 #SUP: 634089
24 56 97 181 #SUP: 634089
24 97 181 #SUP: 634089
59 181 #SUP: 634089
24 59 181 #SUP: 634089
56 59 181 #SUP: 634089
24 56 59 181 #SUP: 634089
13 59 181 #SUP: 618948
13 24 59 181 #SUP: 618948
13 56 59 181 #SUP: 618948
13 24 56 59 181 #SUP: 618948
59 181 188 #SUP: 618948
24 59 181 188 #SUP: 618948
56 59 181 188 #SUP: 618948
24 56 59 181 188 #SUP: 618948
13 59 181 188 #SUP: 618948
13 24 59 181 188 #SUP: 618948
13 56 59 181 188 #SUP: 618948
13 24 56 59 181 188 #SUP: 618948
181 188 #SUP: 636248
24 181 188 #SUP: 636248
56 181 188 #SUP: 636248
24 56 181 188 #SUP: 636248
13 181 188 #SUP: 636248
13 24 181 188 #SUP: 636248
13 56 181 188 #SUP: 636248
13 24 56 181 188 #SUP: 636248
13 181 #SUP: 636248
13 24 181 #SUP: 636248
13 56 181 #SUP: 636248
13 24 56 181 #SUP: 636248
56 181 #SUP: 651389
24 56 181 #SUP: 651389
49 181 #SUP: 728680
49 63 181 #SUP: 569977
49 63 97 181 #SUP: 495401
24 49 63 97 181 #SUP: 495401
49 56 63 97 181 #SUP: 495401
24 49 56 63 97 181 #SUP: 495401
49 59 63 97 181 #SUP: 495401
24 49 59 63 97 181 #SUP: 495401
49 56 59 63 97 181 #SUP: 495401
24 49 56 59 63 97 181 #SUP: 495401
49 59 63 181 #SUP: 495401
24 49 59 63 181 #SUP: 495401
49 56 59 63 181 #SUP: 495401
24 49 56 59 63 181 #SUP: 495401
49 63 181 188 #SUP: 499790
24 49 63 181 188 #SUP: 499790
49 56 63 181 188 #SUP: 499790
24 49 56 63 181 188 #SUP: 499790
13 49 63 181 188 #SUP: 499790
13 24 49 63 181 188 #SUP: 499790
13 49 56 63 181 188 #SUP: 499790
13 24 49 56 63 181 188 #SUP: 499790
13 49 63 181 #SUP: 499790
13 24 49 63 181 #SUP: 499790
13 49 56 63 181 #SUP: 499790
13 24 49 56 63 181 #SUP: 499790
49 56 63 181 #SUP: 510801
24 49 56 63 181 #SUP: 510801
24 49 63 181 #SUP: 569977
49 97 181 #SUP: 634089
49 97 181 188 #SUP: 618948
24 49 97 181 188 #SUP: 618948
49 56 97 181 188 #SUP: 618948
24 49 56 97 181 188 #SUP: 618948
13 49 97 181 188 #SUP: 618948
13 24 49 97 181 188 #SUP: 618948
13 49 56 97 181 188 #SUP: 618948
13 24 49 56 97 181 188 #SUP: 618948
13 49 97 181 #SUP: 618948
13 24 49 97 181 #SUP: 618948
13 49 56 97 181 #SUP: 618948
13 24 49 56 97 181 #SUP: 618948
49 59 97 181 #SUP: 634089
24 49 59 97 181 #SUP: 634089
49 56 59 97 181 #SUP: 634089
24 49 56 59 97 181 #SUP: 634089
13 49 59 97 181 #SUP: 618948
13 24 49 59 97 181 #SUP: 618948
13 49 56 59 97 181 #SUP: 618948
13 24 49 56 59 97 181 #SUP: 618948
49 59 97 181 188 #SUP: 618948
24 49 59 97 181 188 #SUP: 618948
49 56 59 97 181 188 #SUP: 618948
24 49 56 59 97 181 188 #SUP: 618948
13 49 59 97 181 188 #SUP: 618948
13 24 49 59 97 181 188 #SUP: 618948
13 49 56 59 97 181 188 #SUP: 618948
13 24 49 56 59 97 181 188 #SUP: 618948
49 56 97 181 #SUP: 634089
24 49 56 97 181 #SUP: 634089
24 49 97 181 #SUP: 634089
49 59 181 #SUP: 634089
24 49 59 181 #SUP: 634089
49 56 59 181 #SUP: 634089
24 49 56 59 181 #SUP: 634089
13 49 59 181 #SUP: 618948
13 24 49 59 181 #SUP: 618948
13 49 56 59 181 #SUP: 618948
13 24 49 56 59 181 #SUP: 618948
49 59 181 188 #SUP: 618948
24 49 59 181 188 #SUP: 618948
49 56 59 181 188 #SUP: 618948
24 49 56 59 181 188 #SUP: 618948
13 49 59 181 188 #SUP: 618948
13 24 49 59 181 188 #SUP: 618948
13 49 56 59 181 188 #SUP: 618948
13 24 49 56 59 181 188 #SUP: 618948
49 181 188 #SUP: 636248
24 49 181 188 #SUP: 636248
49 56 181 188 #SUP: 636248
24 49 56 181 188 #SUP: 636248
13 49 181 188 #SUP: 636248
13 24 49 181 188 #SUP: 636248
13 49 56 181 188 #SUP: 636248
13 24 49 56 181 188 #SUP: 636248
13 49 181 #SUP: 636248
13 24 49 181 #SUP: 636248
13 49 56 181 #SUP: 636248
13 24 49 56 181 #SUP: 636248
49 56 181 #SUP: 651389
24 49 56 181 #SUP: 651389
32 49 181 #SUP: 728680
32 49 63 181 #SUP: 569977
32 49 63 97 181 #SUP: 495401
24 32 49 63 97 181 #SUP: 495401
32 49 56 63 97 181 #SUP: 495401
24 32 49 56 63 97 181 #SUP: 495401
32 49 59 63 97 181 #SUP: 495401
24 32 49 59 63 97 181 #SUP: 495401
32 49 56 59 63 97 181 #SUP: 495401
24 32 49 56 59 63 97 181 #SUP: 495401
32 49 59 63 181 #SUP: 495401
24 32 49 59 63 181 #SUP: 495401
32 49 56 59 63 181 #SUP: 495401
24 32 49 56 59 63 181 #SUP: 495401
32 49 63 181 188 #SUP: 499790
24 32 49 63 181 188 #SUP: 499790
32 49 56 63 181 188 #SUP: 499790
24 32 49 56 63 181 188 #SUP: 499790
13 32 49 63 181 188 #SUP: 499790
13 24 32 49 63 181 188 #SUP: 499790
13 32 49 56 63 181 188 #SUP: 499790
13 24 32 49 56 63 181 188 #SUP: 499790
13 32 49 63 181 #SUP: 499790
13 24 32 49 63 181 #SUP: 499790
13 32 49 56 63 181 #SUP: 499790
13 24 32 49 56 63 181 #SUP: 499790
32 49 56 63 181 #SUP: 510801
24 32 49 56 63 181 #SUP: 510801
24 32 49 63 181 #SUP: 569977
32 49 97 181 #SUP: 634089
32 49 97 181 188 #SUP: 618948
24 32 49 97 181 188 #SUP: 618948
32 49 56 97 181 188 #SUP: 618948
24 32 49 56 97 181 188 #SUP: 618948
13 32 49 97 181 188 #SUP: 618948
13 24 32 49 97 181 188 #SUP: 618948
13 32 49 56 97 181 188 #SUP: 618948
13 24 32 49 56 97 181 188 #SUP: 618948
13 32 49 97 181 #SUP: 618948
13 24 32 49 97 181 #SUP: 618948
13 32 49 56 97 181 #SUP: 618948
13 24 32 49 56 97 181 #SUP: 618948
32 49 59 97 181 #SUP: 634089
24 32 49 59 97 181 #SUP: 634089
32 49 56 59 97 181 #SUP: 634089
24 32 49 56 59 97 181 #SUP: 634089
13 32 49 59 97 181 #SUP: 618948
13 24 32 49 59 97 181 #SUP: 618948
13 32 49 56 59 97 181 #SUP: 618948
13 24 32 49 56 59 97 181 #SUP: 618948
32 49 59 97 181 188 #SUP: 618948
24 32 49 59 97 181 188 #SUP: 618948
32 49 56 59 97 181 188 #SUP: 618948
24 32 49 56 59 97 181 188 #SUP: 618948
13 32 49 59 97 181 188 #SUP: 618948
13 24 32 49 59 97 181 188 #SUP: 618948
13 32 49 56 59 97 181 188 #SUP: 618948
13 24 32 49 56 59 97 181 188 #SUP: 618948
32 49 56 97 181 #SUP: 634089
24 32 49 56 97 181 #SUP: 634089
24 32 49 97 181 #SUP: 634089
32 49 59 181 #SUP: 634089
24 32 49 59 181 #SUP: 634089
32 49 56 59 181 #SUP: 634089
24 32 49 56 59 181 #SUP: 634089
13 32 49 59 181 #SUP: 618948
13 24 32 49 59 181 #SUP: 618948
13 32 49 56 59 181 #SUP: 618948
13 24 32 49 56 59 181 #SUP: 618948
32 49 59 181 188 #SUP: 618948
24 32 49 59 181 188 #SUP: 618948
32 49 56 59 181 188 #SUP: 618948
24 32 49 56 59 181 188 #SUP: 618948
13 32 49 59 181 188 #SUP: 618948
13 24 32 49 59 181 188 #SUP: 618948
13 32 49 56 59 181 188 #SUP: 618948
13 24 32 49 56 59 181 188 #SUP: 618948
32 49 181 188 #SUP: 636248
24 32 49 181 188 #SUP: 636248
32 49 56 181 188 #SUP: 636248
24 32 49 56 181 188 #SUP: 636248
13 32 49 181 188 #SUP: 636248
13 24 32 49 181 188 #SUP: 636248
13 32 49 56 181 188 #SUP: 636248
13 24 32 49 56 181 188 #SUP: 636248
13 32 49 181 #SUP: 636248
13 24 32 49 181 #SUP: 636248
13 32 49 56 181 #SUP: 636248
13 24 32 49 56 181 #SUP: 636248
32 49 56 181 #SUP: 651389
24 32 49 56 181 #SUP: 651389
24 32 49 181 #SUP: 728680
24 49 181 #SUP: 728680
32 181 #SUP: 728680
32 63 181 #SUP: 569977
32 63 97 181 #SUP: 495401
24 32 63 97 181 #SUP: 495401
32 56 63 97 181 #SUP: 495401
24 32 56 63 97 181 #SUP: 495401
32 59 63 97 181 #SUP: 495401
24 32 59 63 97 181 #SUP: 495401
32 56 59 63 97 181 #SUP: 495401
24 32 56 59 63 97 181 #SUP: 495401
32 59 63 181 #SUP: 495401
24 32 59 63 181 #SUP: 495401
32 56 59 63 181 #SUP: 495401
24 32 56 59 63 181 #SUP: 495401
32 63 181 188 #SUP: 499790
24 32 63 181 188 #SUP: 499790
32 56 63 181 188 #SUP: 499790
24 32 56 63 181 188 #SUP: 499790
13 32 63 181 188 #SUP: 499790
13 24 32 63 181 188 #SUP: 499790
13 32 56 63 181 188 #SUP: 499790
13 24 32 56 63 181 188 #SUP: 499790
13 32 63 181 #SUP: 499790
13 24 32 63 181 #SUP: 499790
13 32 56 63 181 #SUP: 499790
13 24 32 56 63 181 #SUP: 499790
32 56 63 181 #SUP: 510801
24 32 56 63 181 #SUP: 510801
24 32 63 181 #SUP: 569977
32 97 181 #SUP: 634089
32 97 181 188 #SUP: 618948
24 32 97 181 188 #SUP: 618948
32 56 97 181 188 #SUP: 618948
24 32 56 97 181 188 #SUP: 618948
13 32 97 181 188 #SUP: 618948
13 24 32 97 181 188 #SUP: 618948
13 32 56 97 181 188 #SUP: 618948
13 24 32 56 97 181 188 #SUP: 618948
13 32 97 181 #SUP: 618948
13 24 32 97 181 #SUP: 618948
13 32 56 97 181 #SUP: 618948
13 24 32 56 97 181 #SUP: 618948
32 59 97 181 #SUP: 634089
24 32 59 97 181 #SUP: 634089
32 56 59 97 181 #SUP: 634089
24 32 56 59 97 181 #SUP: 634089
13 32 59 97 181 #SUP: 618948
13 24 32 59 97 181 #SUP: 618948
13 32 56 59 97 181 #SUP: 618948
13 24 32 56 59 97 181 #SUP: 618948
32 59 97 181 188 #SUP: 618948
24 32 59 97 181 188 #SUP: 618948
32 56 59 97 181 188 #SUP: 618948
24 32 56 59 97 181 188 #SUP: 618948
13 32 59 97 181 188 #SUP: 618948
13 24 32 59 97 181 188 #SUP: 618948
13 32 56 59 97 181 188 #SUP: 618948
13 24 32 56 59 97 181 188 #SUP: 618948
32 56 97 181 #SUP: 634089
24 32 56 97 181 #SUP: 634089
24 32 97 181 #SUP: 634089
32 59 181 #SUP: 634089
24 32 59 181 #SUP: 634089
32 56 59 181 #SUP: 634089
24 32 56 59 181 #SUP: 634089
13 32 59 181 #SUP: 618948
13 24 32 59 181 #SUP: 618948
13 32 56 59 181 #SUP: 618948
13 24 32 56 59 181 #SUP: 618948
32 59 181 188 #SUP: 618948
24 32 59 181 188 #SUP: 618948
32 56 59 181 188 #SUP: 618948
24 32 56 59 181 188 #SUP: 618948
13 32 59 181 188 #SUP: 618948
13 24 32 59 181 188 #SUP: 618948
13 32 56 59 181 188 #SUP: 618948
13 24 32 56 59 181 188 #SUP: 618948
32 181 188 #SUP: 636248
24 32 181 188 #SUP: 636248
32 56 181 188 #SUP: 636248
24 32 56 181 188 #SUP: 636248
13 32 181 188 #SUP: 636248
13 24 32 181 188 #SUP: 636248
13 32 56 181 188 #SUP: 636248
13 24 32 56 181 188 #SUP: 636248
13 32 181 #SUP: 636248
13 24 32 181 #SUP: 636248
13 32 56 181 #SUP: 636248
13 24 32 56 181 #SUP: 636248
32 56 181 #SUP: 651389
24 32 56 181 #SUP: 651389
24 32 181 #SUP: 728680
24 181 #SUP: 728680
49 #SUP: 728680
49 63 #SUP: 569977
49 63 97 #SUP: 495401
24 49 63 97 #SUP: 495401
49 56 63 97 #SUP: 495401
24 49 56 63 97 #SUP: 495401
49 59 63 97 #SUP: 495401
24 49 59 63 97 #SUP: 495401
49 56 59 63 97 #SUP: 495401
24 49 56 59 63 97 #SUP: 495401
49 59 63 #SUP: 495401
24 49 59 63 #SUP: 495401
49 56 59 63 #SUP: 495401
24 49 56 59 63 #SUP: 495401
49 63 188 #SUP: 499790
24 49 63 188 #SUP: 499790
49 56 63 188 #SUP: 499790
24 49 56 63 188 #SUP: 499790
13 49 63 188 #SUP: 499790
13 24 49 63 188 #SUP: 499790
13 49 56 63 188 #SUP: 499790
13 24 49 56 63 188 #SUP: 499790
13 49 63 #SUP: 499790
13 24 49 63 #SUP: 499790
13 49 56 63 #SUP: 499790
13 24 49 56 63 #SUP: 499790
49 56 63 #SUP: 510801
24 49 56 63 #SUP: 510801
24 49 63 #SUP: 569977
49 97 #SUP: 634089
49 97 188 #SUP: 618948
24 49 97 188 #SUP: 618948
49 56 97 188 #SUP: 618948
24 49 56 97 188 #SUP: 618948
13 49 97 188 #SUP: 618948
13 24 49 97 188 #SUP: 618948
13 49 56 97 188 #SUP: 618948
13 24 49 56 97 188 #SUP: 618948
13 49 97 #SUP: 618948
13 24 49 97 #SUP: 618948
13 49 56 97 #SUP: 618948
13 24 49 56 97 #SUP: 618948
49 59 97 #SUP: 634089
24 49 59 97 #SUP: 634089
49 56 59 97 #SUP: 634089
24 49 56 59 97 #SUP: 634089
13 49 59 97 #SUP: 618948
13 24 49 59 97 #SUP: 618948
13 49 56 59 97 #SUP: 618948
13 24 49 56 59 97 #SUP: 618948
49 59 97 188 #SUP: 618948
24 49 59 97 188 #SUP: 618948
49 56 59 97 188 #SUP: 618948
24 49 56 59 97 188 #SUP: 618948
13 49 59 97 188 #SUP: 618948
13 24 49 59 97 188 #SUP: 618948
13 49 56 59 97 188 #SUP: 618948
13 24 49 56 59 97 188 #SUP: 618948
49 56 97 #SUP: 634089
24 49 56 97 #SUP: 634089
24 49 97 #SUP: 634089
49 59 #SUP: 634089
24 49 59 #SUP: 634089
49 56 59 #SUP: 634089
24 49 56 59 #SUP: 634089
13 49 59 #SUP: 618948
13 24 49 59 #SUP: 618948
13 49 56 59 #SUP: 618948
13 24 49 56 59 #SUP: 618948
49 59 188 #SUP: 618948
24 49 59 188 #SUP: 618948
49 56 59 188 #SUP: 618948
24 49 56 59 188 #SUP: 618948
13 49 59 188 #SUP: 618948
13 24 49 59 188 #SUP: 618948
13 49 56 59 188 #SUP: 618948
13 24 49 56 59 188 #SUP: 618948
49 188 #SUP: 636248
24 49 188 #SUP: 636248
49 56 188 #SUP: 636248
24 49 56 188 #SUP: 636248
13 49 188 #SUP: 636248
13 24 49 188 #SUP: 636248
13 49 56 188 #SUP: 636248
13 24 49 56 188 #SUP: 636248
13 49 #SUP: 636248
13 24 49 #SUP: 636248
13 49 56 #SUP: 636248
13 24 49 56 #SUP: 636248
49 56 #SUP: 651389
24 49 56 #SUP: 651389
32 49 #SUP: 728680
32 49 63 #SUP: 569977
32 49 63 97 #SUP: 495401
24 32 49 63 97 #SUP: 495401
32 49 56 63 97 #SUP: 495401
24 32 49 56 63 97 #SUP: 495401
32 49 59 63 97 #SUP: 495401
24 32 49 59 63 97 #SUP: 495401
32 49 56 59 63 97 #SUP: 495401
24 32 49 56 59 63 97 #SUP: 495401
32 49 59 63 #SUP: 495401
24 32 49 59 63 #SUP: 495401
32 49 56 59 63 #SUP: 495401
24 32 49 56 59 63 #SUP: 495401
32 49 63 188 #SUP: 499790
24 32 49 63 188 #SUP: 499790
32 49 56 63 188 #SUP: 499790
24 32 49 56 63 188 #SUP: 499790
13 32 49 63 188 #SUP: 499790
13 24 32 49 63 188 #SUP: 499790
13 32 49 56 63 188 #SUP: 499790
13 24 32 49 56 63 188 #SUP: 499790
13 32 49 63 #SUP: 499790
13 24 32 49 63 #SUP: 499790
13 32 49 56 63 #SUP: 499790
13 24 32 49 56 63 #SUP: 499790
32 49 56 63 #SUP: 510801
24 32 49 56 63 #SUP: 510801
24 32 49 63 #SUP: 569977
32 49 97 #SUP: 634089
32 49 97 188 #SUP: 618948
24 32 49 97 188 #SUP: 618948
32 49 56 97 188 #SUP: 618948
24 32 49 56 97 188 #SUP: 618948
13 32 49 97 188 #SUP: 618948
13 24 32 49 97 188 #SUP: 618948
13 32 49 56 97 188 #SUP: 618948
13 24 32 49 56 97 188 #SUP: 618948
13 32 49 97 #SUP: 618948
13 24 32 49 97 #SUP: 618948
13 32 49 56 97 #SUP: 618948
13 24 32 49 56 97 #SUP: 618948
32 49 59 97 #SUP: 634089
24 32 49 59 97 #SUP: 634089
32 49 56 59 97 #SUP: 634089
24 32 49 56 59 97 #SUP: 634089
13 32 49 59 97 #SUP: 618948
13 24 32 49 59 97 #SUP: 618948
13 32 49 56 59 97 #SUP: 618948
13 24 32 49 56 59 97 #SUP: 618948
32 49 59 97 188 #SUP: 618948
24 32 49 59 97 188 #SUP: 618948
32 49 56 59 97 188 #SUP: 618948
24 32 49 56 59 97 188 #SUP: 618948
13 32 49 59 97 188 #SUP: 618948
13 24 32 49 59 97 188 #SUP: 618948
13 32 49 56 59 97 188 #SUP: 618948
13 24 32 49 56 59 97 188 #SUP: 618948
32 49 56 97 #SUP: 634089
24 32 49 56 97 #SUP: 634089
24 32 49 97 #SUP: 634089
32 49 59 #SUP: 634089
24 32 49 59 #SUP: 634089
32 49 56 59 #SUP: 634089
24 32 49 56 59 #SUP: 634089
13 32 49 59 #SUP: 618948
13 24 32 49 59 #SUP: 618948
13 32 49 56 59 #SUP: 618948
13 24 32 49 56 59 #SUP: 618948
32 49 59 188 #SUP: 618948
24 32 49 59 188 #SUP: 618948
32 49 56 59 188 #SUP: 618948
24 32 49 56 59 188 #SUP: 618948
13 32 49 59 188 #SUP: 618948
13 24 32 49 59 188 #SUP: 618948
13 32 49 56 59 188 #SUP: 618948
13 24 32 49 56 59 188 #SUP: 618948
32 49 188 #SUP: 636248
24 32 49 188 #SUP: 636248
32 49 56 188 #SUP: 636248
24 32 49 56 188 #SUP: 636248
13 32 49 188 #SUP: 636248
13 24 32 49 188 #SUP: 636248
13 32 49 56 188 #SUP: 636248
13 24 32 49 56 188 #SUP: 636248
13 32 49 #SUP: 636248
13 24 32 49 #SUP: 636248
13 32 49 56 #SUP: 636248
13 24 32 49 56 #SUP: 636248
32 49 56 #SUP: 651389
24 32 49 56 #SUP: 651389
24 32 49 #SUP: 728680
24 49 #SUP: 728680
32 #SUP: 728680
32 63 #SUP: 569977
32 63 97 #SUP: 495401
24 32 63 97 #SUP: 495401
32 56 63 97 #SUP: 495401
24 32 56 63 97 #SUP: 495401
32 59 63 97 #SUP: 495401
24 32 59 63 97 #SUP: 495401
32 56 59 63 97 #SUP: 495401
24 32 56 59 63 97 #SUP: 495401
32 59 63 #SUP: 495401
24 32 59 63 #SUP: 495401
32 56 59 63 #SUP: 495401
24 32 56 59 63 #SUP: 495401
32 63 188 #SUP: 499790
24 32 63 188 #SUP: 499790
32 56 63 188 #SUP: 499790
24 32 56 63 188 #SUP: 499790
13 32 63 188 #SUP: 499790
13 24 32 63 188 #SUP: 499790
13 32 56 63 188 #SUP: 499790
13 24 32 56 63 188 #SUP: 499790
13 32 63 #SUP: 499790
13 24 32 63 #SUP: 499790
13 32 56 63 #SUP: 499790
13 24 32 56 63 #SUP: 499790
32 56 63 #SUP: 510801
24 32 56 63 #SUP: 510801
24 32 63 #SUP: 569977
32 97 #SUP: 634089
32 97 188 #SUP: 618948
24 32 97 188 #SUP: 618948
32 56 97 188 #SUP: 618948
24 32 56 97 188 #SUP: 618948
13 32 97 188 #SUP: 618948
13 24 32 97 188 #SUP: 618948
13 32 56 97 188 #SUP: 618948
13 24 32 56 97 188 #SUP: 618948
13 32 97 #SUP: 618948
13 24 32 97 #SUP: 618948
13 32 56 97 #SUP: 618948
13 24 32 56 97 #SUP: 618948
32 59 97 #SUP: 634089
24 32 59 97 #SUP: 634089
32 56 59 97 #SUP: 634089
24 32 56 59 97 #SUP: 634089
13 32 59 97 #SUP: 618948
13 24 32 59 97 #SUP: 618948
13 32 56 59 97 #SUP: 618948
13 24 32 56 59 97 #SUP: 618948
32 59 97 188 #SUP: 618948
24 32 59 97 188 #SUP: 618948
32 56 59 97 188 #SUP: 618948
24 32 56 59 97 188 #SUP: 618948
13 32 59 97 188 #SUP: 618948
13 24 32 59 97 188 #SUP: 618948
13 32 56 59 97 188 #SUP: 618948
13 24 32 56 59 97 188 #SUP: 618948
32 56 97 #SUP: 634089
24 32 56 97 #SUP: 634089
24 32 97 #SUP: 634089
32 59 #SUP: 634089
24 32 59 #SUP: 634089
32 56 59 #SUP: 634089
24 32 56 59 #SUP: 634089
13 32 59 #SUP: 618948
13 24 32 59 #SUP: 618948
13 32 56 59 #SUP: 618948
13 24 32 56 59 #SUP: 618948
32 59 188 #SUP: 618948
24 32 59 188 #SUP: 618948
32 56 59 188 #SUP: 618948
24 32 56 59 188 #SUP: 618948
13 32 59 188 #SUP: 618948
13 24 32 59 188 #SUP: 618948
13 32 56 59 188 #SUP: 618948
13 24 32 56 59 188 #SUP: 618948
32 188 #SUP: 636248
24 32 188 #SUP: 636248
32 56 188 #SUP: 636248
24 32 56 188 #SUP: 636248
13 32 188 #SUP: 636248
13 24 32 188 #SUP: 636248
13 32 56 188 #SUP: 636248
13 24 32 56 188 #SUP: 636248
13 32 #SUP: 636248
13 24 32 #SUP: 636248
13 32 56 #SUP: 636248
13 24 32 56 #SUP: 636248
32 56 #SUP: 651389
24 32 56 #SUP: 651389
24 32 #SUP: 728680
47 #SUP: 831209
43 47 #SUP: 648424
43 47 63 #SUP: 524804
24 43 47 63 #SUP: 524804
43 47 188 #SUP: 578360
24 43 47 188 #SUP: 578360
43 47 56 188 #SUP: 578360
24 43 47 56 188 #SUP: 578360
13 43 47 188 #SUP: 578360
13 24 43 47 188 #SUP: 578360
13 43 47 56 188 #SUP: 578360
13 24 43 47 56 188 #SUP: 578360
13 43 47 #SUP: 578360
13 24 43 47 #SUP: 578360
13 43 47 56 #SUP: 578360
13 24 43 47 56 #SUP: 578360
43 47 97 #SUP: 581850
43 47 97 188 #SUP: 569531
24 43 47 97 188 #SUP: 569531
43 47 56 97 188 #SUP: 569531
24 43 47 56 97 188 #SUP: 569531
13 43 47 97 188 #SUP: 569531
13 24 43 47 97 188 #SUP: 569531
13 43 47 56 97 188 #SUP: 569531
13 24 43 47 56 97 188 #SUP: 569531
13 43 47 97 #SUP: 569531
13 24 43 47 97 #SUP: 569531
13 43 47 56 97 #SUP: 569531
13 24 43 47 56 97 #SUP: 569531
43 47 59 97 #SUP: 581850
24 43 47 59 97 #SUP: 581850
43 47 56 59 97 #SUP: 581850
24 43 47 56 59 97 #SUP: 581850
13 43 47 59 97 #SUP: 569531
13 24 43 47 59 97 #SUP: 569531
13 43 47 56 59 97 #SUP: 569531
13 24 43 47 56 59 97 #SUP: 569531
43 47 59 97 188 #SUP: 569531
24 43 47 59 97 188 #SUP: 569531
43 47 56 59 97 188 #SUP: 569531
24 43 47 56 59 97 188 #SUP: 569531
13 43 47 59 97 188 #SUP: 569531
13 24 43 47 59 97 188 #SUP: 569531
13 43 47 56 59 97 188 #SUP: 569531
13 24 43 47 56 59 97 188 #SUP: 569531
43 47 56 97 #SUP: 581850
24 43 47 56 97 #SUP: 581850
24 43 47 97 #SUP: 581850
43 47 59 #SUP: 581850
24 43 47 59 #SUP: 581850
43 47 56 59 #SUP: 581850
24 43 47 56 59 #SUP: 581850
13 43 47 59 #SUP: 569531
13 24 43 47 59 #SUP: 569531
13 43 47 56 59 #SUP: 569531
13 24 43 47 56 59 #SUP: 569531
43 47 59 188 #SUP: 569531
24 43 47 59 188 #SUP: 569531
43 47 56 59 188 #SUP: 569531
24 43 47 56 59 188 #SUP: 569531
13 43 47 59 188 #SUP: 569531
13 24 43 47 59 188 #SUP: 569531
13 43 47 56 59 188 #SUP: 569531
13 24 43 47 56 59 188 #SUP: 569531
43 47 56 #SUP: 590679
24 43 47 56 #SUP: 590679
24 43 47 #SUP: 648424
47 63 #SUP: 694608
47 63 188 #SUP: 628094
24 47 63 188 #SUP: 628094
47 56 63 188 #SUP: 628094
24 47 56 63 188 #SUP: 628094
13 47 63 188 #SUP: 628094
13 24 47 63 188 #SUP: 628094
13 47 56 63 188 #SUP: 628094
13 24 47 56 63 188 #SUP: 628094
13 47 63 #SUP: 628094
13 24 47 63 #SUP: 628094
13 47 56 63 #SUP: 628094
13 24 47 56 63 #SUP: 628094
47 63 97 #SUP: 628638
47 63 97 188 #SUP: 616741
24 47 63 97 188 #SUP: 616741
47 56 63 97 188 #SUP: 616741
24 47 56 63 97 188 #SUP: 616741
13 47 63 97 188 #SUP: 616741
13 24 47 63 97 188 #SUP: 616741
13 47 56 63 97 188 #SUP: 616741
13 24 47 56 63 97 188 #SUP: 616741
13 47 63 97 #SUP: 616741
13 24 47 63 97 #SUP: 616741
13 47 56 63 97 #SUP: 616741
13 24 47 56 63 97 #SUP: 616741
47 59 63 97 #SUP: 628638
24 47 59 63 97 #SUP: 628638
47 56 59 63 97 #SUP: 628638
24 47 56 59 63 97 #SUP: 628638
13 47 59 63 97 #SUP: 616741
13 24 47 59 63 97 #SUP: 616741
13 47 56 59 63 97 #SUP: 616741
13 24 47 56 59 63 97 #SUP: 616741
47 59 63 97 188 #SUP: 616741
24 47 59 63 97 188 #SUP: 616741
47 56 59 63 97 188 #SUP: 616741
24 47 56 59 63 97 188 #SUP: 616741
13 47 59 63 97 188 #SUP: 616741
13 24 47 59 63 97 188 #SUP: 616741
13 47 56 59 63 97 188 #SUP: 616741
13 24 47 56 59 63 97 188 #SUP: 616741
47 56 63 97 #SUP: 628638
24 47 56 63 97 #SUP: 628638
24 47 63 97 #SUP: 628638
47 59 63 #SUP: 628638
24 47 59 63 #SUP: 628638
47 56 59 63 #SUP: 628638
24 47 56 59 63 #SUP: 628638
13 47 59 63 #SUP: 616741
13 24 47 59 63 #SUP: 616741
13 47 56 59 63 #SUP: 616741
13 24 47 56 59 63 #SUP: 616741
47 59 63 188 #SUP: 616741
24 47 59 63 188 #SUP: 616741
47 56 59 63 188 #SUP: 616741
24 47 56 59 63 188 #SUP: 616741
13 47 59 63 188 #SUP: 616741
13 24 47 59 63 188 #SUP: 616741
13 47 56 59 63 188 #SUP: 616741
13 24 47 56 59 63 188 #SUP: 616741
47 56 63 #SUP: 639991
24 47 56 63 #SUP: 639991
24 47 63 #SUP: 694608
47 188 #SUP: 751396
24 47 188 #SUP: 751396
47 56 188 #SUP: 751396
24 47 56 188 #SUP: 751396
13 47 188 #SUP: 751396
13 24 47 188 #SUP: 751396
13 47 56 188 #SUP: 751396
13 24 47 56 188 #SUP: 751396
13 47 #SUP: 751396
13 24 47 #SUP: 751396
13 47 56 #SUP: 751396
13 24 47 56 #SUP: 751396
47 97 #SUP: 753201
47 97 188 #SUP: 738374
24 47 97 188 #SUP: 738374
47 56 97 188 #SUP: 738374
24 47 56 97 188 #SUP: 738374
13 47 97 188 #SUP: 738374
13 24 47 97 188 #SUP: 738374
13 47 56 97 188 #SUP: 738374
13 24 47 56 97 188 #SUP: 738374
13 47 97 #SUP: 738374
13 24 47 97 #SUP: 738374
13 47 56 97 #SUP: 738374
13 24 47 56 97 #SUP: 738374
47 59 97 #SUP: 753201
24 47 59 97 #SUP: 753201
47 56 59 97 #SUP: 753201
24 47 56 59 97 #SUP: 753201
13 47 59 97 #SUP: 738374
13 24 47 59 97 #SUP: 738374
13 47 56 59 97 #SUP: 738374
13 24 47 56 59 97 #SUP: 738374
47 59 97 188 #SUP: 738374
24 47 59 97 188 #SUP: 738374
47 56 59 97 188 #SUP: 738374
24 47 56 59 97 188 #SUP: 738374
13 47 59 97 188 #SUP: 738374
13 24 47 59 97 188 #SUP: 738374
13 47 56 59 97 188 #SUP: 738374
13 24 47 56 59 97 188 #SUP: 738374
47 56 97 #SUP: 753201
24 47 56 97 #SUP: 753201
24 47 97 #SUP: 753201
47 59 #SUP: 753201
24 47 59 #SUP: 753201
47 56 59 #SUP: 753201
24 47 56 59 #SUP: 753201
13 47 59 #SUP: 738374
13 24 47 59 #SUP: 738374
13 47 56 59 #SUP: 738374
13 24 47 56 59 #SUP: 738374
47 59 188 #SUP: 738374
24 47 59 188 #SUP: 738374
47 56 59 188 #SUP: 738374
24 47 56 59 188 #SUP: 738374
13 47 59 188 #SUP: 738374
13 24 47 59 188 #SUP: 738374
13 47 56 59 188 #SUP: 738374
13 24 47 56 59 188 #SUP: 738374
47 56 #SUP: 766223
24 47 56 #SUP: 766223
24 47 #SUP: 831209
43 #SUP: 931838
43 63 #SUP: 711351
43 63 188 #SUP: 612502
24 43 63 188 #SUP: 612502
43 56 63 188 #SUP: 612502
24 43 56 63 188 #SUP: 612502
13 43 63 188 #SUP: 612502
13 24 43 63 188 #SUP: 612502
13 43 56 63 188 #SUP: 612502
13 24 43 56 63 188 #SUP: 612502
13 43 63 #SUP: 612502
13 24 43 63 #SUP: 612502
13 43 56 63 #SUP: 612502
13 24 43 56 63 #SUP: 612502
43 63 97 #SUP: 614156
43 63 97 188 #SUP: 600618
24 43 63 97 188 #SUP: 600618
43 56 63 97 188 #SUP: 600618
24 43 56 63 97 188 #SUP: 600618
13 43 63 97 188 #SUP: 600618
13 24 43 63 97 188 #SUP: 600618
13 43 56 63 97 188 #SUP: 600618
13 24 43 56 63 97 188 #SUP: 600618
13 43 63 97 #SUP: 600618
13 24 43 63 97 #SUP: 600618
13 43 56 63 97 #SUP: 600618
13 24 43 56 63 97 #SUP: 600618
43 59 63 97 #SUP: 614156
24 43 59 63 97 #SUP: 614156
43 56 59 63 97 #SUP: 614156
24 43 56 59 63 97 #SUP: 614156
13 43 59 63 97 #SUP: 600618
13 24 43 59 63 97 #SUP: 600618
13 43 56 59 63 97 #SUP: 600618
13 24 43 56 59 63 97 #SUP: 600618
43 59 63 97 188 #SUP: 600618
24 43 59 63 97 188 #SUP: 600618
43 56 59 63 97 188 #SUP: 600618
24 43 56 59 63 97 188 #SUP: 600618
13 43 59 63 97 188 #SUP: 600618
13 24 43 59 63 97 188 #SUP: 600618
13 43 56 59 63 97 188 #SUP: 600618
13 24 43 56 59 63 97 188 #SUP: 600618
43 56 63 97 #SUP: 614156
24 43 56 63 97 #SUP: 614156
24 43 63 97 #SUP: 614156
43 59 63 #SUP: 614156
24 43 59 63 #SUP: 614156
43 56 59 63 #SUP: 614156
24 43 56 59 63 #SUP: 614156
13 43 59 63 #SUP: 600618
13 24 43 59 63 #SUP: 600618
13 43 56 59 63 #SUP: 600618
13 24 43 56 59 63 #SUP: 600618
43 59 63 188 #SUP: 600618
24 43 59 63 188 #SUP: 600618
43 56 59 63 188 #SUP: 600618
24 43 56 59 63 188 #SUP: 600618
13 43 59 63 188 #SUP: 600618
13 24 43 59 63 188 #SUP: 600618
13 43 56 59 63 188 #SUP: 600618
13 24 43 56 59 63 188 #SUP: 600618
43 56 63 #SUP: 626040
24 43 56 63 #SUP: 626040
24 43 63 #SUP: 711351
43 188 #SUP: 806444
24 43 188 #SUP: 806444
43 56 188 #SUP: 806444
24 43 56 188 #SUP: 806444
13 43 188 #SUP: 806444
13 24 43 188 #SUP: 806444
13 43 56 188 #SUP: 806444
13 24 43 56 188 #SUP: 806444
13 43 #SUP: 806444
13 24 43 #SUP: 806444
13 43 56 #SUP: 806444
13 24 43 56 #SUP: 806444
43 97 #SUP: 810862
43 97 188 #SUP: 792093
24 43 97 188 #SUP: 792093
43 56 97 188 #SUP: 792093
24 43 56 97 188 #SUP: 792093
13 43 97 188 #SUP: 792093
13 24 43 97 188 #SUP: 792093
13 43 56 97 188 #SUP: 792093
13 24 43 56 97 188 #SUP: 792093
13 43 97 #SUP: 792093
13 24 43 97 #SUP: 792093
13 43 56 97 #SUP: 792093
13 24 43 56 97 #SUP: 792093
43 59 97 #SUP: 810862
24 43 59 97 #SUP: 810862
43 56 59 97 #SUP: 810862
24 43 56 59 97 #SUP: 810862
13 43 59 97 #SUP: 792093
13 24 43 59 97 #SUP: 792093
13 43 56 59 97 #SUP: 792093
13 24 43 56 59 97 #SUP: 792093
43 59 97 188 #SUP: 792093
24 43 59 97 188 #SUP: 792093
43 56 59 97 188 #SUP: 792093
24 43 56 59 97 188 #SUP: 792093
13 43 59 97 188 #SUP: 792093
13 24 43 59 97 188 #SUP: 792093
13 43 56 59 97 188 #SUP: 792093
13 24 43 56 59 97 188 #SUP: 792093
43 56 97 #SUP: 810862
24 43 56 97 #SUP: 810862
24 43 97 #SUP: 810862
43 59 #SUP: 810862
24 43 59 #SUP: 810862
43 56 59 #SUP: 810862
24 43 56 59 #SUP: 810862
13 43 59 #SUP: 792093
13 24 43 59 #SUP: 792093
13 43 56 59 #SUP: 792093
13 24 43 56 59 #SUP: 792093
43 59 188 #SUP: 792093
24 43 59 188 #SUP: 792093
43 56 59 188 #SUP: 792093
24 43 56 59 188 #SUP: 792093
13 43 59 188 #SUP: 792093
13 24 43 59 188 #SUP: 792093
13 43 56 59 188 #SUP: 792093
13 24 43 56 59 188 #SUP: 792093
43 56 #SUP: 825213
24 43 56 #SUP: 825213
24 43 #SUP: 931838
63 #SUP: 959347
63 97 #SUP: 840344
63 97 188 #SUP: 823076
24 63 97 188 #SUP: 823076
56 63 97 188 #SUP: 823076
24 56 63 97 188 #SUP: 823076
13 63 97 188 #SUP: 823076
13 24 63 97 188 #SUP: 823076
13 56 63 97 188 #SUP: 823076
13 24 56 63 97 188 #SUP: 823076
13 63 97 #SUP: 823076
13 24 63 97 #SUP: 823076
13 56 63 97 #SUP: 823076
13 24 56 63 97 #SUP: 823076
59 63 97 #SUP: 840344
24 59 63 97 #SUP: 840344
56 59 63 97 #SUP: 840344
24 56 59 63 97 #SUP: 840344
13 59 63 97 #SUP: 823076
13 24 59 63 97 #SUP: 823076
13 56 59 63 97 #SUP: 823076
13 24 56 59 63 97 #SUP: 823076
59 63 97 188 #SUP: 823076
24 59 63 97 188 #SUP: 823076
56 59 63 97 188 #SUP: 823076
24 56 59 63 97 188 #SUP: 823076
13 59 63 97 188 #SUP: 823076
13 24 59 63 97 188 #SUP: 823076
13 56 59 63 97 188 #SUP: 823076
13 24 56 59 63 97 188 #SUP: 823076
56 63 97 #SUP: 840344
24 56 63 97 #SUP: 840344
24 63 97 #SUP: 840344
59 63 #SUP: 840344
24 59 63 #SUP: 840344
56 59 63 #SUP: 840344
24 56 59 63 #SUP: 840344
13 59 63 #SUP: 823076
13 24 59 63 #SUP: 823076
13 56 59 63 #SUP: 823076
13 24 56 59 63 #SUP: 823076
59 63 188 #SUP: 823076
24 59 63 188 #SUP: 823076
56 59 63 188 #SUP: 823076
24 56 59 63 188 #SUP: 823076
13 59 63 188 #SUP: 823076
13 24 59 63 188 #SUP: 823076
13 56 59 63 188 #SUP: 823076
13 24 56 59 63 188 #SUP: 823076
63 188 #SUP: 844059
24 63 188 #SUP: 844059
56 63 188 #SUP: 844059
24 56 63 188 #SUP: 844059
13 63 188 #SUP: 844059
13 24 63 188 #SUP: 844059
13 56 63 188 #SUP: 844059
13 24 56 63 188 #SUP: 844059
13 63 #SUP: 844059
13 24 63 #SUP: 844059
13 56 63 #SUP: 844059
13 24 56 63 #SUP: 844059
56 63 #SUP: 861327
24 56 63 #SUP: 861327
24 63 #SUP: 959347
97 #SUP: 1069236
97 188 #SUP: 1046029
24 97 188 #SUP: 1046029
56 97 188 #SUP: 1046029
24 56 97 188 #SUP: 1046029
13 97 188 #SUP: 1046029
13 24 97 188 #SUP: 1046029
13 56 97 188 #SUP: 1046029
13 24 56 97 188 #SUP: 1046029
13 97 #SUP: 1046029
13 24 97 #SUP: 1046029
13 56 97 #SUP: 1046029
13 24 56 97 #SUP: 1046029
59 97 #SUP: 1069236
24 59 97 #SUP: 1069236
56 59 97 #SUP: 1069236
24 56 59 97 #SUP: 1069236
13 59 97 #SUP: 1046029
13 24 59 97 #SUP: 1046029
13 56 59 97 #SUP: 1046029
13 24 56 59 97 #SUP: 1046029
59 97 188 #SUP: 1046029
24 59 97 188 #SUP: 1046029
56 59 97 188 #SUP: 1046029
24 56 59 97 188 #SUP: 1046029
13 59 97 188 #SUP: 1046029
13 24 59 97 188 #SUP: 1046029
13 56 59 97 188 #SUP: 1046029
13 24 56 59 97 188 #SUP: 1046029
56 97 #SUP: 1069236
24 56 97 #SUP: 1069236
24 97 #SUP: 1069236
59 #SUP: 1069236
24 59 #SUP: 1069236
56 59 #SUP: 1069236
24 56 59 #SUP: 1069236
13 59 #SUP: 1046029
13 24 59 #SUP: 1046029
13 56 59 #SUP: 1046029
13 24 56 59 #SUP: 1046029
59 188 #SUP: 1046029
24 59 188 #SUP: 1046029
56 59 188 #SUP: 1046029
24 56 59 188 #SUP: 1046029
13 59 188 #SUP: 1046029
13 24 59 188 #SUP: 1046029
13 56 59 188 #SUP: 1046029
13 24 56 59 188 #SUP: 1046029
188 #SUP: 1070144
24 188 #SUP: 1070144
56 188 #SUP: 1070144
24 56 188 #SUP: 1070144
13 188 #SUP: 1070144
13 24 188 #SUP: 1070144
13 56 188 #SUP: 1070144
13 24 56 188 #SUP: 1070144
13 #SUP: 1070145
13 24 #SUP: 1070144
13 56 #SUP: 1070144
13 24 56 #SUP: 1070144
56 #SUP: 1093351
24 56 #SUP: 1093351
24 #SUP: 1218440
