57 #SUP: 831209
13 57 #SUP: 751396
13 24 57 #SUP: 751396
13 34 57 #SUP: 751396
13 24 34 57 #SUP: 751396
13 57 66 #SUP: 751396
13 24 57 66 #SUP: 751396
13 34 57 66 #SUP: 751396
13 24 34 57 66 #SUP: 751396
57 164 #SUP: 753201
13 57 164 #SUP: 738374
13 24 57 164 #SUP: 738374
13 34 57 164 #SUP: 738374
13 24 34 57 164 #SUP: 738374
13 57 66 164 #SUP: 738374
13 24 57 66 164 #SUP: 738374
13 34 57 66 164 #SUP: 738374
13 24 34 57 66 164 #SUP: 738374
57 155 164 #SUP: 753201
13 57 155 164 #SUP: 738374
13 24 57 155 164 #SUP: 738374
13 34 57 155 164 #SUP: 738374
13 24 34 57 155 164 #SUP: 738374
13 57 66 155 164 #SUP: 738374
13 24 57 66 155 164 #SUP: 738374
13 34 57 66 155 164 #SUP: 738374
13 24 34 57 66 155 164 #SUP: 738374
57 69 155 164 #SUP: 753201
24 57 69 155 164 #SUP: 753201
34 57 69 155 164 #SUP: 753201
24 34 57 69 155 164 #SUP: 753201
57 66 69 155 164 #SUP: 753201
24 57 66 69 155 164 #SUP: 753201
34 57 66 69 155 164 #SUP: 753201
24 34 57 66 69 155 164 #SUP: 753201
13 57 69 155 164 #SUP: 738374
13 24 57 69 155 164 #SUP: 738374
13 34 57 69 155 164 #SUP: 738374
13 24 34 57 69 155 164 #SUP: 738374
13 57 66 69 155 164 #SUP: 738374
13 24 57 66 69 155 164 #SUP: 738374
13 34 57 66 69 155 164 #SUP: 738374
13 24 34 57 66 69 155 164 #SUP: 738374
57 66 155 164 #SUP: 753201
24 57 66 155 164 #SUP: 753201
34 57 66 155 164 #SUP: 753201
24 34 57 66 155 164 #SUP: 753201
34 57 155 164 #SUP: 753201
24 34 57 155 164 #SUP: 753201
24 57 155 164 #SUP: 753201
57 69 164 #SUP: 753201
24 57 69 164 #SUP: 753201
34 57 69 164 #SUP: 753201
24 34 57 69 164 #SUP: 753201
57 66 69 164 #SUP: 753201
24 57 66 69 164 #SUP: 753201
34 57 66 69 164 #SUP: 753201
24 34 57 66 69 164 #SUP: 753201
13 57 69 164 #SUP: 738374
13 24 57 69 164 #SUP: 738374
13 34 57 69 164 #SUP: 738374
13 24 34 57 69 164 #SUP: 738374
13 57 66 69 164 #SUP: 738374
13 24 57 66 69 164 #SUP: 738374
13 34 57 66 69 164 #SUP: 738374
13 24 34 57 66 69 164 #SUP: 738374
57 66 164 #SUP: 753201
24 57 66 164 #SUP: 753201
34 57 66 164 #SUP: 753201
24 34 57 66 164 #SUP: 753201
34 57 164 #SUP: 753201
24 34 57 164 #SUP: 753201
24 57 164 #SUP: 753201
57 155 #SUP: 753201
13 57 155 #SUP: 738374
13 24 57 155 #SUP: 738374
13 34 57 155 #SUP: 738374
13 24 34 57 155 #SUP: 738374
13 57 66 155 #SUP: 738374
13 24 57 66 155 #SUP: 738374
13 34 57 66 155 #SUP: 738374
13 24 34 57 66 155 #SUP: 738374
57 69 155 #SUP: 753201
24 57 69 155 #SUP: 753201
34 57 69 155 #SUP: 753201
24 34 57 69 155 #SUP: 753201
57 66 69 155 #SUP: 753201
24 57 66 69 155 #SUP: 753201
34 57 66 69 155 #SUP: 753201
24 34 57 66 69 155 #SUP: 753201
13 57 69 155 #SUP: 738374
13 24 57 69 155 #SUP: 738374
13 34 57 69 155 #SUP: 738374
13 24 34 57 69 155 #SUP: 738374
13 57 66 69 155 #SUP: 738374
13 24 57 66 69 155 #SUP: 738374
13 34 57 66 69 155 #SUP: 738374
13 24 34 57 66 69 155 #SUP: 738374
57 66 155 #SUP: 753201
24 57 66 155 #SUP: 753201
34 57 66 155 #SUP: 753201
24 34 57 66 155 #SUP: 753201
34 57 155 #SUP: 753201
24 34 57 155 #SUP: 753201
24 57 155 #SUP: 753201
57 69 #SUP: 753201
24 57 69 #SUP: 753201
34 57 69 #SUP: 753201
24 34 57 69 #SUP: 753201
57 66 69 #SUP: 753201
24 57 66 69 #SUP: 753201
34 57 66 69 #SUP: 753201
24 34 57 66 69 #SUP: 753201
13 57 69 #SUP: 738374
13 24 57 69 #SUP: 738374
13 34 57 69 #SUP: 738374
13 24 34 57 69 #SUP: 738374
13 57 66 69 #SUP: 738374
13 24 57 66 69 #SUP: 738374
13 34 57 66 69 #SUP: 738374
13 24 34 57 66 69 #SUP: 738374
57 66 #SUP: 766223
24 57 66 #SUP: 766223
34 57 66 #SUP: 766223
24 34 57 66 #SUP: 766223
34 57 #SUP: 831209
24 34 57 #SUP: 831209
24 57 #SUP: 831209
53 #SUP: 931838
13 53 #SUP: 806444
13 24 53 #SUP: 806444
13 34 53 #SUP: 806444
13 24 34 53 #SUP: 806444
13 53 66 #SUP: 806444
13 24 53 66 #SUP: 806444
13 34 53 66 #SUP: 806444
13 24 34 53 66 #SUP: 806444
53 164 #SUP: 810862
13 53 164 #SUP: 792093
13 24 53 164 #SUP: 792093
13 34 53 164 #SUP: 792093
13 24 34 53 164 #SUP: 792093
13 53 66 164 #SUP: 792093
13 24 53 66 164 #SUP: 792093
13 34 53 66 164 #SUP: 792093
13 24 34 53 66 164 #SUP: 792093
53 155 164 #SUP: 810862
13 53 155 164 #SUP: 792093
13 24 53 155 164 #SUP: 792093
13 34 53 155 164 #SUP: 792093
13 24 34 53 155 164 #SUP: 792093
13 53 66 155 164 #SUP: 792093
13 24 53 66 155 164 #SUP: 792093
13 34 53 66 155 164 #SUP: 792093
13 24 34 53 66 155 164 #SUP: 792093
53 69 155 164 #SUP: 810862
24 53 69 155 164 #SUP: 810862
34 53 69 155 164 #SUP: 810862
24 34 53 69 155 164 #SUP: 810862
53 66 69 155 164 #SUP: 810862
24 53 66 69 155 164 #SUP: 810862
34 53 66 69 155 164 #SUP: 810862
24 34 53 66 69 155 164 #SUP: 810862
13 53 69 155 164 #SUP: 792093
13 24 53 69 155 164 #SUP: 792093
13 34 53 69 155 164 #SUP: 792093
13 24 34 53 69 155 164 #SUP: 792093
13 53 66 69 155 164 #SUP: 792093
13 24 53 66 69 155 164 #SUP: 792093
13 34 53 66 69 155 164 #SUP: 792093
13 24 34 53 66 69 155 164 #SUP: 792093
53 66 155 164 #SUP: 810862
24 53 66 155 164 #SUP: 810862
34 53 66 155 164 #SUP: 810862
24 34 53 66 155 164 #SUP: 810862
34 53 155 164 #SUP: 810862
24 34 53 155 164 #SUP: 810862
24 53 155 164 #SUP: 810862
53 69 164 #SUP: 810862
24 53 69 164 #SUP: 810862
34 53 69 164 #SUP: 810862
24 34 53 69 164 #SUP: 810862
53 66 69 164 #SUP: 810862
24 53 66 69 164 #SUP: 810862
34 53 66 69 164 #SUP: 810862
24 34 53 66 69 164 #SUP: 810862
13 53 69 164 #SUP: 792093
13 24 53 69 164 #SUP: 792093
13 34 53 69 164 #SUP: 792093
13 24 34 53 69 164 #SUP: 792093
13 53 66 69 164 #SUP: 792093
13 24 53 66 69 164 #SUP: 792093
13 34 53 66 69 164 #SUP: 792093
13 24 34 53 66 69 164 #SUP: 792093
53 66 164 #SUP: 810862
24 53 66 164 #SUP: 810862
34 53 66 164 #SUP: 810862
24 34 53 66 164 #SUP: 810862
34 53 164 #SUP: 810862
24 34 53 164 #SUP: 810862
24 53 164 #SUP: 810862
53 155 #SUP: 810862
13 53 155 #SUP: 792093
13 24 53 155 #SUP: 792093
13 34 53 155 #SUP: 792093
13 24 34 53 155 #SUP: 792093
13 53 66 155 #SUP: 792093
13 24 53 66 155 #SUP: 792093
13 34 53 66 155 #SUP: 792093
13 24 34 53 66 155 #SUP: 792093
53 69 155 #SUP: 810862
24 53 69 155 #SUP: 810862
34 53 69 155 #SUP: 810862
24 34 53 69 155 #SUP: 810862
53 66 69 155 #SUP: 810862
24 53 66 69 155 #SUP: 810862
34 53 66 69 155 #SUP: 810862
24 34 53 66 69 155 #SUP: 810862
13 53 69 155 #SUP: 792093
13 24 53 69 155 #SUP: 792093
13 34 53 69 155 #SUP: 792093
13 24 34 53 69 155 #SUP: 792093
13 53 66 69 155 #SUP: 792093
13 24 53 66 69 155 #SUP: 792093
13 34 53 66 69 155 #SUP: 792093
13 24 34 53 66 69 155 #SUP: 792093
53 66 155 #SUP: 810862
24 53 66 155 #SUP: 810862
34 53 66 155 #SUP: 810862
24 34 53 66 155 #SUP: 810862
34 53 155 #SUP: 810862
24 34 53 155 #SUP: 810862
24 53 155 #SUP: 810862
53 69 #SUP: 810862
24 53 69 #SUP: 810862
34 53 69 #SUP: 810862
24 34 53 69 #SUP: 810862
53 66 69 #SUP: 810862
24 53 66 69 #SUP: 810862
34 53 66 69 #SUP: 810862
24 34 53 66 69 #SUP: 810862
13 53 69 #SUP: 792093
13 24 53 69 #SUP: 792093
13 34 53 69 #SUP: 792093
13 24 34 53 69 #SUP: 792093
13 53 66 69 #SUP: 792093
13 24 53 66 69 #SUP: 792093
13 34 53 66 69 #SUP: 792093
13 24 34 53 66 69 #SUP: 792093
53 66 #SUP: 825213
24 53 66 #SUP: 825213
34 53 66 #SUP: 825213
24 34 53 66 #SUP: 825213
34 53 #SUP: 931838
24 34 53 #SUP: 931838
24 53 #SUP: 931838
73 #SUP: 959347
73 164 #SUP: 840344
13 73 164 #SUP: 823076
13 24 73 164 #SUP: 823076
13 34 73 164 #SUP: 823076
13 24 34 73 164 #SUP: 823076
13 66 73 164 #SUP: 823076
13 24 66 73 164 #SUP: 823076
13 34 66 73 164 #SUP: 823076
13 24 34 66 73 164 #SUP: 823076
73 155 164 #SUP: 840344
13 73 155 164 #SUP: 823076
13 24 73 155 164 #SUP: 823076
13 34 73 155 164 #SUP: 823076
13 24 34 73 155 164 #SUP: 823076
13 66 73 155 164 #SUP: 823076
13 24 66 73 155 164 #SUP: 823076
13 34 66 73 155 164 #SUP: 823076
13 24 34 66 73 155 164 #SUP: 823076
69 73 155 164 #SUP: 840344
24 69 73 155 164 #SUP: 840344
34 69 73 155 164 #SUP: 840344
24 34 69 73 155 164 #SUP: 840344
66 69 73 155 164 #SUP: 840344
24 66 69 73 155 164 #SUP: 840344
34 66 69 73 155 164 #SUP: 840344
24 34 66 69 73 155 164 #SUP: 840344
13 69 73 155 164 #SUP: 823076
13 24 69 73 155 164 #SUP: 823076
13 34 69 73 155 164 #SUP: 823076
13 24 34 69 73 155 164 #SUP: 823076
13 66 69 73 155 164 #SUP: 823076
13 24 66 69 73 155 164 #SUP: 823076
13 34 66 69 73 155 164 #SUP: 823076
13 24 34 66 69 73 155 164 #SUP: 823076
66 73 155 164 #SUP: 840344
24 66 73 155 164 #SUP: 840344
34 66 73 155 164 #SUP: 840344
24 34 66 73 155 164 #SUP: 840344
34 73 155 164 #SUP: 840344
24 34 73 155 164 #SUP: 840344
24 73 155 164 #SUP: 840344
69 73 164 #SUP: 840344
24 69 73 164 #SUP: 840344
34 69 73 164 #SUP: 840344
24 34 69 73 164 #SUP: 840344
66 69 73 164 #SUP: 840344
24 66 69 73 164 #SUP: 840344
34 66 69 73 164 #SUP: 840344
24 34 66 69 73 164 #SUP: 840344
13 69 73 164 #SUP: 823076
13 24 69 73 164 #SUP: 823076
13 34 69 73 164 #SUP: 823076
13 24 34 69 73 164 #SUP: 823076
13 66 69 73 164 #SUP: 823076
13 24 66 69 73 164 #SUP: 823076
13 34 66 69 73 164 #SUP: 823076
13 24 34 66 69 73 164 #SUP: 823076
66 73 164 #SUP: 840344
24 66 73 164 #SUP: 840344
34 66 73 164 #SUP: 840344
24 34 66 73 164 #SUP: 840344
34 73 164 #SUP: 840344
24 34 73 164 #SUP: 840344
24 73 164 #SUP: 840344
73 155 #SUP: 840344
13 73 155 #SUP: 823076
13 24 73 155 #SUP: 823076
13 34 73 155 #SUP: 823076
13 24 34 73 155 #SUP: 823076
13 66 73 155 #SUP: 823076
13 24 66 73 155 #SUP: 823076
13 34 66 73 155 #SUP: 823076
13 24 34 66 73 155 #SUP: 823076
69 73 155 #SUP: 840344
24 69 73 155 #SUP: 840344
34 69 73 155 #SUP: 840344
24 34 69 73 155 #SUP: 840344
66 69 73 155 #SUP: 840344
24 66 69 73 155 #SUP: 840344
34 66 69 73 155 #SUP: 840344
24 34 66 69 73 155 #SUP: 840344
13 69 73 155 #SUP: 823076
13 24 69 73 155 #SUP: 823076
13 34 69 73 155 #SUP: 823076
13 24 34 69 73 155 #SUP: 823076
13 66 69 73 155 #SUP: 823076
13 24 66 69 73 155 #SUP: 823076
13 34 66 69 73 155 #SUP: 823076
13 24 34 66 69 73 155 #SUP: 823076
66 73 155 #SUP: 840344
24 66 73 155 #SUP: 840344
34 66 73 155 #SUP: 840344
24 34 66 73 155 #SUP: 840344
34 73 155 #SUP: 840344
24 34 73 155 #SUP: 840344
24 73 155 #SUP: 840344
69 73 #SUP: 840344
24 69 73 #SUP: 840344
34 69 73 #SUP: 840344
24 34 69 73 #SUP: 840344
66 69 73 #SUP: 840344
24 66 69 73 #SUP: 840344
34 66 69 73 #SUP: 840344
24 34 66 69 73 #SUP: 840344
13 69 73 #SUP: 823076
13 24 69 73 #SUP: 823076
13 34 69 73 #SUP: 823076
13 24 34 69 73 #SUP: 823076
13 66 69 73 #SUP: 823076
13 24 66 69 73 #SUP: 823076
13 34 66 69 73 #SUP: 823076
13 24 34 66 69 73 #SUP: 823076
13 73 #SUP: 844059
13 24 73 #SUP: 844059
13 34 73 #SUP: 844059
13 24 34 73 #SUP: 844059
13 66 73 #SUP: 844059
13 24 66 73 #SUP: 844059
13 34 66 73 #SUP: 844059
13 24 34 66 73 #SUP: 844059
66 73 #SUP: 861327
24 66 73 #SUP: 861327
34 66 73 #SUP: 861327
24 34 66 73 #SUP: 861327
34 73 #SUP: 959347
24 34 73 #SUP: 959347
24 73 #SUP: 959347
164 #SUP: 1069236
13 164 #SUP: 1046029
13 24 164 #SUP: 1046029
13 34 164 #SUP: 1046029
13 24 34 164 #SUP: 1046029
13 66 164 #SUP: 1046029
13 24 66 164 #SUP: 1046029
13 34 66 164 #SUP: 1046029
13 24 34 66 164 #SUP: 1046029
155 164 #SUP: 1069236
13 155 164 #SUP: 1046029
13 24 155 164 #SUP: 1046029
13 34 155 164 #SUP: 1046029
13 24 34 155 164 #SUP: 1046029
13 66 155 164 #SUP: 1046029
13 24 66 155 164 #SUP: 1046029
13 34 66 155 164 #SUP: 1046029
13 24 34 66 155 164 #SUP: 1046029
69 155 164 #SUP: 1069236
24 69 155 164 #SUP: 1069236
34 69 155 164 #SUP: 1069236
24 34 69 155 164 #SUP: 1069236
66 69 155 164 #SUP: 1069236
24 66 69 155 164 #SUP: 1069236
34 66 69 155 164 #SUP: 1069236
24 34 66 69 155 164 #SUP: 1069236
13 69 155 164 #SUP: 1046029
13 24 69 155 164 #SUP: 1046029
13 34 69 155 164 #SUP: 1046029
13 24 34 69 155 164 #SUP: 1046029
13 66 69 155 164 #SUP: 1046029
13 24 66 69 155 164 #SUP: 1046029
13 34 66 69 155 164 #SUP: 1046029
13 24 34 66 69 155 164 #SUP: 1046029
66 155 164 #SUP: 1069236
24 66 155 164 #SUP: 1069236
34 66 155 164 #SUP: 1069236
24 34 66 155 164 #SUP: 1069236
34 155 164 #SUP: 1069236
24 34 155 164 #SUP: 1069236
24 155 164 #SUP: 1069236
69 164 #SUP: 1069236
24 69 164 #SUP: 1069236
34 69 164 #SUP: 1069236
24 34 69 164 #SUP: 1069236
66 69 164 #SUP: 1069236
24 66 69 164 #SUP: 1069236
34 66 69 164 #SUP: 1069236
24 34 66 69 164 #SUP: 1069236
13 69 164 #SUP: 1046029
13 24 69 164 #SUP: 1046029
13 34 69 164 #SUP: 1046029
13 24 34 69 164 #SUP: 1046029
13 66 69 164 #SUP: 1046029
13 24 66 69 164 #SUP: 1046029
13 34 66 69 164 #SUP: 1046029
13 24 34 66 69 164 #SUP: 1046029
66 164 #SUP: 1069236
24 66 164 #SUP: 1069236
34 66 164 #SUP: 1069236
24 34 66 164 #SUP: 1069236
34 164 #SUP: 1069236
24 34 164 #SUP: 1069236
24 164 #SUP: 1069236
155 #SUP: 1069236
13 155 #SUP: 1046029
13 24 155 #SUP: 1046029
13 34 155 #SUP: 1046029
13 24 34 155 #SUP: 1046029
13 66 155 #SUP: 1046029
13 24 66 155 #SUP: 1046029
13 34 66 155 #SUP: 1046029
13 24 34 66 155 #SUP: 1046029
69 155 #SUP: 1069236
24 69 155 #SUP: 1069236
34 69 155 #SUP: 1069236
24 34 69 155 #SUP: 1069236
66 69 155 #SUP: 1069236
24 66 69 155 #SUP: 1069236
34 66 69 155 #SUP: 1069236
24 34 66 69 155 #SUP: 1069236
13 69 155 #SUP: 1046029
13 24 69 155 #SUP: 1046029
13 34 69 155 #SUP: 1046029
13 24 34 69 155 #SUP: 1046029
13 66 69 155 #SUP: 1046029
13 24 66 69 155 #SUP: 1046029
13 34 66 69 155 #SUP: 1046029
13 24 34 66 69 155 #SUP: 1046029
66 155 #SUP: 1069236
24 66 155 #SUP: 1069236
34 66 155 #SUP: 1069236
24 34 66 155 #SUP: 1069236
34 155 #SUP: 1069236
24 34 155 #SUP: 1069236
24 155 #SUP: 1069236
69 #SUP: 1069236
24 69 #SUP: 1069236
34 69 #SUP: 1069236
24 34 69 #SUP: 1069236
66 69 #SUP: 1069236
24 66 69 #SUP: 1069236
34 66 69 #SUP: 1069236
24 34 66 69 #SUP: 1069236
13 69 #SUP: 1046029
13 24 69 #SUP: 1046029
13 34 69 #SUP: 1046029
13 24 34 69 #SUP: 1046029
13 66 69 #SUP: 1046029
13 24 66 69 #SUP: 1046029
13 34 66 69 #SUP: 1046029
13 24 34 66 69 #SUP: 1046029
13 #SUP: 1070145
13 24 #SUP: 1070145
13 34 #SUP: 1070144
13 24 34 #SUP: 1070144
13 66 #SUP: 1070144
13 24 66 #SUP: 1070144
13 34 66 #SUP: 1070144
13 24 34 66 #SUP: 1070144
66 #SUP: 1093351
24 66 #SUP: 1093351
34 66 #SUP: 1093351
24 34 66 #SUP: 1093351
34 #SUP: 1218440
24 34 #SUP: 1218440
24 #SUP: 1218441
